Cat was o
Man was o
Width of table: 5
Height of table: 5
Fields: (id | stone | side | free)
00111
01010
02010
03010
04010
10010
11000
12101
13000
14010
20111
21000
22101
23101
24010
30111
31000
32101
33000
34010
40111
41111
42111
43010
44010

Cat was kiscica
Man was o
Width of table: 8
Height of table: 8
Fields: (id | stone | side | free)
00011
01011
02110
03011
04110
05010
06110
07110
10110
11001
12001
13001
14001
15100
16001
17110
20110
21001
22100
23100
24001
25100
26001
27110
30110
31001
32100
33001
34100
35001
36001
37110
40011
41001
42100
43001
44001
45100
46001
47011
50011
51100
52100
53001
54001
55001
56100
57110
60011
61100
62001
63001
64100
65100
66001
67011
70110
71011
72011
73110
74011
75110
76011
77110

Cat was o
Man was o
Width of table: 8
Height of table: 8
Fields: (id | stone | side | free)
00011
01011
02110
03011
04011
05110
06011
07011
10110
11001
12001
13100
14100
15001
16100
17011
20011
21100
22100
23001
24100
25001
26001
27110
30011
31100
32100
33001
34001
35001
36001
37011
40011
41100
42001
43100
44001
45001
46001
47011
50011
51001
52100
53100
54000
55100
56001
57110
60110
61001
62001
63001
64100
65100
66100
67011
70011
71011
72110
73011
74011
75011
76110
77011

Cat was o
Man was o
Width of table: 8
Height of table: 8
Fields: (id | stone | side | free)
00011
01011
02110
03011
04110
05011
06011
07011
10110
11100
12001
13001
14001
15100
16001
17011
20011
21001
22100
23001
24001
25001
26001
27011
30011
31001
32100
33100
34100
35001
36001
37110
40110
41001
42001
43001
44001
45001
46100
47110
50110
51001
52001
53100
54100
55001
56001
57011
60110
61100
62100
63001
64100
65001
66100
67011
70011
71110
72011
73011
74011
75110
76011
77110

Cat was sokia
Man was o
Width of table: 12
Height of table: 10
Fields: (id | stone | side | free)
00110
01011
02011
03011
04011
05011
06011
07011
08011
09011
10011
11001
12100
13100
14001
15100
16001
17100
18100
19110
20110
21001
22001
23100
24001
25100
26100
27100
28100
29110
30110
31001
32001
33100
34100
35100
36100
37001
38100
39011
40011
41001
42001
43001
44001
45001
46100
47100
48001
49110
50011
51100
52100
53100
54001
55100
56100
57001
58001
59011
60011
61100
62100
63001
64100
65001
66100
67100
68001
69110
70011
71001
72100
73100
74001
75001
76100
77001
78100
79011
80110
81001
82001
83001
84100
85100
86001
87100
88100
89011
90011
91100
92100
93001
94001
95001
96100
97100
98100
99011
a0110
a1001
a2001
a3001
a4001
a5100
a6100
a7001
a8001
a9110
b0011
b1011
b2011
b3010
b4110
b5110
b6011
b7110
b8110
b9011

Cat was ggg
Man was hhh
Width of table: 8
Height of table: 8
Fields: (id | stone | side | free)
00110
01110
02110
03110
04110
05110
06011
07110
10011
11001
12001
13001
14100
15001
16001
17011
20011
21001
22001
23001
24001
25100
26100
27011
30010
31001
32001
33100
34100
35100
36100
37011
40110
41001
42001
43001
44001
45001
46001
47110
50011
51001
52001
53001
54001
55001
56001
57011
60011
61100
62001
63100
64001
65001
66001
67011
70110
71110
72011
73110
74110
75011
76110
77011

